[gd_scene load_steps=9 format=3 uid="uid://brn6cw5tr1mxb"]

[ext_resource type="PackedScene" uid="uid://d26br4f45m27g" path="res://characters/character.tscn" id="1_6uqpy"]
[ext_resource type="Script" path="res://characters/heroes/barbarian/barbarian.gd" id="2_6pbkp"]
[ext_resource type="PackedScene" uid="uid://bhcwmbvmeavxw" path="res://characters/heroes/barbarian/skin.tscn" id="2_lwxa8"]
[ext_resource type="Script" path="res://characters/stats/number_stat.gd" id="3_l5iug"]
[ext_resource type="PackedScene" uid="uid://ja43sf4jseel" path="res://characters/heroes/barbarian/skills/second_skill/second_attack.tscn" id="5_2hxsx"]
[ext_resource type="Script" path="res://characters/heroes/barbarian/processors/skin.gd" id="6_5y8y2"]
[ext_resource type="PackedScene" uid="uid://b52wq4f1ubfm3" path="res://characters/heroes/barbarian/skills/taunt.tscn" id="6_mgqs7"]
[ext_resource type="PackedScene" uid="uid://c5cf7tg1x0aqg" path="res://characters/heroes/barbarian/skills/basic_skill/basic_attack.tscn" id="9_wsrji"]

[node name="Barbarian" instance=ExtResource("1_6uqpy")]
script = ExtResource("2_6pbkp")

[node name="Health" parent="Stats" index="0"]
max_value = 500.0
base_value = 500.0

[node name="Shield" parent="Stats" index="1"]
max_value = 500.0

[node name="Name" parent="Stats" index="5"]
current_value = "Barbarian"

[node name="Energy" type="Node" parent="Stats" index="6"]
script = ExtResource("3_l5iug")
has_max_value = true
max_value = 100.0
has_min_value = true

[node name="Spawner" parent="Modifiers" index="0"]
_spawnable_scenes = PackedStringArray("res://characters/heroes/barbarian/modifiers/taunt.tscn", "res://characters/heroes/barbarian/modifiers/rage.tscn")

[node name="BasicAttack" parent="Skills" index="0"]
enabled = true

[node name="BasicAttack" parent="Skills/BasicAttack" index="0" instance=ExtResource("9_wsrji")]

[node name="SecondAttack" parent="Skills" index="1"]
enabled = true

[node name="SecondAttack" parent="Skills/SecondAttack" index="0" instance=ExtResource("5_2hxsx")]

[node name="Block" parent="Skills" index="4"]
enabled = true

[node name="Taunt" parent="Skills/Block" index="0" instance=ExtResource("6_mgqs7")]

[node name="Skin" type="Node" parent="Processors" index="5" node_paths=PackedStringArray("skin", "move_speed", "attack_speed")]
script = ExtResource("6_5y8y2")
skin = NodePath("../../Skin")
move_speed = NodePath("../../Stats/MovementSpeed")
attack_speed = NodePath("../../Stats/AttackSpeed")
interpolation = 10.0

[node name="HUD" parent="." index="7" node_paths=PackedStringArray("energy")]
transform = Transform3D(1, 0, 0, 0, 1, 0, 0, 0, 1, 0, 2.81294, 0)
energy = NodePath("../Stats/Energy")

[node name="LocalSpawner" parent="." index="8"]
_spawnable_scenes = PackedStringArray("res://characters/heroes/barbarian/axe.tscn")

[node name="Skin" parent="." index="11" instance=ExtResource("2_lwxa8")]

[node name="Skeleton3D" parent="Skin/Rig" index="0"]
bones/1/position = Vector3(0, 0.383348, 0)
bones/4/rotation = Quaternion(-0.583858, -0.246813, -0.725075, 0.269183)
bones/5/rotation = Quaternion(2.89573e-08, -4.1988e-08, -0.579892, 0.814694)
bones/7/rotation = Quaternion(-0.17299, -0.68639, -0.0524241, 0.704411)
bones/11/rotation = Quaternion(-0.254343, 0.36396, 0.833524, 0.328755)
bones/12/rotation = Quaternion(1.86803e-08, 5.83265e-08, 0.555842, 0.831288)
bones/14/rotation = Quaternion(-0.25258, 0.208337, -0.0907989, 0.940508)
bones/22/rotation = Quaternion(0.992518, 0.0831316, 0.0760657, 0.0470151)
bones/23/rotation = Quaternion(0.289631, 6.51426e-08, -2.03425e-07, 0.957139)
bones/24/rotation = Quaternion(-0.566447, -0.206228, 0.0584218, 0.795735)
bones/26/rotation = Quaternion(0.995197, -0.0310593, 0.0307812, 0.087578)
bones/27/rotation = Quaternion(0.347479, -6.23285e-08, 2.41159e-07, 0.937688)
bones/28/rotation = Quaternion(-0.598151, 0.113876, -0.0148911, 0.793112)
bones/45/position = Vector3(0.520841, 0.784197, -0.0576374)
bones/47/position = Vector3(-0.510844, 0.784196, 0.0597369)

[node name="1H_Axe_Offhand" parent="Skin/Rig/Skeleton3D" index="0"]
transform = Transform3D(0.167975, 0.711246, 0.682578, 0.263067, 0.634965, -0.72637, -0.950041, 0.301576, -0.0804476, 0.436104, 0.806483, 0.472724)

[node name="Barbarian_Round_Shield" parent="Skin/Rig/Skeleton3D" index="1"]
transform = Transform3D(0.167976, 0.711245, 0.682578, 0.26307, 0.634965, -0.72637, -0.95004, 0.301579, -0.0804484, 0.530916, 0.682904, 0.455268)

[node name="1H_Axe" parent="Skin/Rig/Skeleton3D" index="2"]
transform = Transform3D(-0.0656041, 0.910113, 0.409132, 0.684791, 0.339287, -0.644937, -0.725778, 0.23786, -0.645497, -0.129168, 0.669626, 0.465792)

[node name="2H_Axe" parent="Skin/Rig/Skeleton3D" index="3"]
transform = Transform3D(-0.0656041, 0.910113, 0.409132, 0.684791, 0.339287, -0.644937, -0.725778, 0.23786, -0.645497, -0.129168, 0.669626, 0.465792)

[node name="Mug" parent="Skin/Rig/Skeleton3D" index="4"]
transform = Transform3D(-0.0656041, 0.910113, 0.409132, 0.684791, 0.339287, -0.644937, -0.725778, 0.23786, -0.645497, -0.153996, 0.447194, 0.672294)

[node name="Barbarian_Hat" parent="Skin/Rig/Skeleton3D" index="5"]
transform = Transform3D(0.99972, -1.40143e-09, 0.0236466, 1.39341e-09, 1, 3.55686e-10, -0.0236466, -3.22637e-10, 0.99972, -7.55726e-09, 1.19356, -1.39052e-07)

[node name="Barbarian_Cape" parent="Skin/Rig/Skeleton3D" index="6"]
transform = Transform3D(0.996275, -5.14962e-09, 0.0862353, 5.13043e-09, 1, 4.44077e-10, -0.0862353, 1.8939e-15, 0.996275, -1.91641e-06, 1.19356, 2.59003e-08)

[editable path="Skin"]
