[gd_scene load_steps=11 format=3 uid="uid://brn6cw5tr1mxb"]

[ext_resource type="PackedScene" uid="uid://d26br4f45m27g" path="res://characters/character.tscn" id="1_6uqpy"]
[ext_resource type="Script" path="res://characters/heroes/barbarian/barbarian.gd" id="2_6pbkp"]
[ext_resource type="PackedScene" uid="uid://bhcwmbvmeavxw" path="res://characters/heroes/barbarian/skin.tscn" id="2_lwxa8"]
[ext_resource type="Script" path="res://characters/stats/number_stat.gd" id="3_l5iug"]
[ext_resource type="PackedScene" uid="uid://ja43sf4jseel" path="res://characters/heroes/barbarian/skills/second_skill/second_skill.tscn" id="5_2hxsx"]
[ext_resource type="Script" path="res://characters/heroes/barbarian/processors/skin.gd" id="6_5y8y2"]
[ext_resource type="PackedScene" uid="uid://cawu7vbk3beow" path="res://characters/heroes/barbarian/skills/dodge_skill/jump.tscn" id="6_8bd58"]
[ext_resource type="PackedScene" uid="uid://cla3pej420s8h" path="res://characters/heroes/barbarian/skills/third_skill/third_skill.tscn" id="6_g0x80"]
[ext_resource type="PackedScene" uid="uid://b52wq4f1ubfm3" path="res://characters/heroes/barbarian/skills/block_skill/taunt.tscn" id="6_mgqs7"]
[ext_resource type="PackedScene" uid="uid://c5cf7tg1x0aqg" path="res://characters/heroes/barbarian/skills/basic_skill/basic_skill.tscn" id="9_wsrji"]

[node name="Barbarian" instance=ExtResource("1_6uqpy")]
script = ExtResource("2_6pbkp")

[node name="Health" parent="Stats" index="0"]
max_value = 500.0
base_value = 500.0

[node name="Shield" parent="Stats" index="1"]
max_value = 500.0

[node name="Name" parent="Stats" index="5"]
current_value = "Barbarian"

[node name="Energy" type="Node" parent="Stats" index="6"]
script = ExtResource("3_l5iug")
has_max_value = true
max_value = 100.0
has_min_value = true

[node name="Spawner" parent="Modifiers" index="0"]
_spawnable_scenes = PackedStringArray("res://characters/heroes/barbarian/skills/third_skill/whirl_modifier.tscn", "res://characters/heroes/barbarian/skills/block_skill/taunt_modifier.tscn", "res://characters/heroes/barbarian/skills/block_skill/rage_modifier.tscn")

[node name="BasicAttack" parent="Skills" index="0"]
enabled = true

[node name="BasicAttack" parent="Skills/BasicAttack" index="0" instance=ExtResource("9_wsrji")]

[node name="SecondAttack" parent="Skills" index="1"]
enabled = true

[node name="SecondAttack" parent="Skills/SecondAttack" index="0" instance=ExtResource("5_2hxsx")]

[node name="ThirdAttack" parent="Skills" index="2"]
enabled = true

[node name="ThirdSkill" parent="Skills/ThirdAttack" index="0" instance=ExtResource("6_g0x80")]

[node name="Dodge" parent="Skills" index="3"]
enabled = true

[node name="Jump" parent="Skills/Dodge" index="0" instance=ExtResource("6_8bd58")]

[node name="Block" parent="Skills" index="4"]
enabled = true

[node name="Taunt" parent="Skills/Block" index="0" instance=ExtResource("6_mgqs7")]

[node name="Skin" type="Node" parent="Processors" index="5" node_paths=PackedStringArray("skin", "move_speed", "attack_speed")]
script = ExtResource("6_5y8y2")
skin = NodePath("../../Skin")
move_speed = NodePath("../../Stats/MovementSpeed")
attack_speed = NodePath("../../Stats/AttackSpeed")
interpolation = 10.0

[node name="HUD" parent="." index="7" node_paths=PackedStringArray("energy")]
transform = Transform3D(1, 0, 0, 0, 1, 0, 0, 0, 1, 0, 2.81294, 0)
energy = NodePath("../Stats/Energy")

[node name="LocalSpawner" parent="." index="8"]
_spawnable_scenes = PackedStringArray("res://characters/heroes/barbarian/axe.tscn")

[node name="Skin" parent="." index="11" instance=ExtResource("2_lwxa8")]

[node name="Skeleton3D" parent="Skin/Rig" index="0"]
bones/1/position = Vector3(0, 0.369781, 0)
bones/4/rotation = Quaternion(-0.593288, -0.243378, -0.709629, 0.291896)
bones/5/rotation = Quaternion(5.5705e-09, -5.11871e-08, -0.621257, 0.783607)
bones/7/rotation = Quaternion(-0.139557, -0.706329, -0.0533819, 0.691935)
bones/11/rotation = Quaternion(-0.262104, 0.398553, 0.81987, 0.316655)
bones/12/rotation = Quaternion(1.4688e-08, 4.28351e-08, 0.525249, 0.850949)
bones/14/rotation = Quaternion(-0.278794, 0.183499, -0.0529361, 0.94117)
bones/22/rotation = Quaternion(0.989691, 0.0836897, 0.0786585, 0.0855549)
bones/23/rotation = Quaternion(0.391045, 5.94715e-08, -2.65154e-07, 0.920371)
bones/24/rotation = Quaternion(-0.619419, -0.201072, 0.0760144, 0.755058)
bones/26/rotation = Quaternion(0.99157, -0.033282, 0.0298388, 0.121618)
bones/27/rotation = Quaternion(0.435574, -5.84412e-08, 3.03096e-07, 0.900153)
bones/28/rotation = Quaternion(-0.645568, 0.112539, -0.0230214, 0.755015)
bones/45/position = Vector3(0.520841, 0.769321, -0.0576374)
bones/47/position = Vector3(-0.510844, 0.769321, 0.0597369)

[node name="1H_Axe_Offhand" parent="Skin/Rig/Skeleton3D" index="0"]
transform = Transform3D(0.119019, 0.728979, 0.674109, 0.210994, 0.644859, -0.7346, -0.970213, 0.229664, -0.07706, 0.440681, 0.821495, 0.467654)

[node name="Barbarian_Round_Shield" parent="Skin/Rig/Skeleton3D" index="1"]
transform = Transform3D(0.11902, 0.728979, 0.674109, 0.210996, 0.644859, -0.7346, -0.970213, 0.229667, -0.0770609, 0.533885, 0.696472, 0.451898)

[node name="1H_Axe" parent="Skin/Rig/Skeleton3D" index="2"]
transform = Transform3D(-0.100545, 0.922882, 0.371722, 0.645737, 0.344765, -0.681293, -0.756909, 0.171534, -0.630605, -0.146434, 0.67766, 0.495187)

[node name="2H_Axe" parent="Skin/Rig/Skeleton3D" index="3"]
transform = Transform3D(-0.100545, 0.922882, 0.371722, 0.645737, 0.344765, -0.681293, -0.756909, 0.171534, -0.630605, -0.146434, 0.67766, 0.495187)

[node name="Mug" parent="Skin/Rig/Skeleton3D" index="4"]
transform = Transform3D(-0.100545, 0.922882, 0.371722, 0.645737, 0.344765, -0.681293, -0.756909, 0.171534, -0.630605, -0.161385, 0.466698, 0.714292)

[node name="Barbarian_Hat" parent="Skin/Rig/Skeleton3D" index="5"]
transform = Transform3D(0.99972, -1.40143e-09, 0.0236466, 1.39341e-09, 1, 3.55686e-10, -0.0236466, -3.22637e-10, 0.99972, -7.55726e-09, 1.17999, -1.39052e-07)

[node name="Barbarian_Cape" parent="Skin/Rig/Skeleton3D" index="6"]
transform = Transform3D(0.996275, -5.14962e-09, 0.0862353, 5.13043e-09, 1, 4.44077e-10, -0.0862353, 1.8939e-15, 0.996275, -1.91641e-06, 1.17999, 2.59003e-08)

[editable path="Skin"]
