[gd_scene load_steps=11 format=3 uid="uid://brn6cw5tr1mxb"]

[ext_resource type="PackedScene" uid="uid://d26br4f45m27g" path="res://characters/character.tscn" id="1_6uqpy"]
[ext_resource type="Script" path="res://characters/heroes/barbarian/barbarian.gd" id="2_6pbkp"]
[ext_resource type="PackedScene" uid="uid://bhcwmbvmeavxw" path="res://characters/heroes/barbarian/skin.tscn" id="2_lwxa8"]
[ext_resource type="Script" path="res://characters/stats/number_stat.gd" id="3_l5iug"]
[ext_resource type="PackedScene" uid="uid://ja43sf4jseel" path="res://characters/heroes/barbarian/skills/second_skill/second_attack.tscn" id="5_2hxsx"]
[ext_resource type="PackedScene" uid="uid://cubw8we7gbnjx" path="res://characters/heroes/barbarian/skills/third_skill/whirl.tscn" id="6_2n85x"]
[ext_resource type="Script" path="res://characters/heroes/barbarian/processors/skin.gd" id="6_5y8y2"]
[ext_resource type="PackedScene" uid="uid://cawu7vbk3beow" path="res://characters/heroes/barbarian/skills/dodge_skill/jump.tscn" id="6_8bd58"]
[ext_resource type="PackedScene" uid="uid://b52wq4f1ubfm3" path="res://characters/heroes/barbarian/skills/block_skill/taunt.tscn" id="6_mgqs7"]
[ext_resource type="PackedScene" uid="uid://c5cf7tg1x0aqg" path="res://characters/heroes/barbarian/skills/basic_skill/basic_attack.tscn" id="9_wsrji"]

[node name="Barbarian" instance=ExtResource("1_6uqpy")]
script = ExtResource("2_6pbkp")

[node name="Health" parent="Stats" index="0"]
max_value = 500.0
base_value = 500.0

[node name="Shield" parent="Stats" index="1"]
max_value = 500.0

[node name="Name" parent="Stats" index="5"]
current_value = "Barbarian"

[node name="Energy" type="Node" parent="Stats" index="6"]
script = ExtResource("3_l5iug")
has_max_value = true
max_value = 100.0
has_min_value = true

[node name="Spawner" parent="Modifiers" index="0"]
_spawnable_scenes = PackedStringArray("res://characters/heroes/barbarian/modifiers/taunt.tscn", "res://characters/heroes/barbarian/modifiers/rage.tscn", "res://characters/heroes/barbarian/modifiers/whirl.tscn")

[node name="BasicAttack" parent="Skills" index="0"]
enabled = true

[node name="BasicAttack" parent="Skills/BasicAttack" index="0" instance=ExtResource("9_wsrji")]

[node name="SecondAttack" parent="Skills" index="1"]
enabled = true

[node name="SecondAttack" parent="Skills/SecondAttack" index="0" instance=ExtResource("5_2hxsx")]

[node name="ThirdAttack" parent="Skills" index="2"]
enabled = true

[node name="Whirl" parent="Skills/ThirdAttack" index="0" instance=ExtResource("6_2n85x")]

[node name="Dodge" parent="Skills" index="3"]
enabled = true

[node name="Jump" parent="Skills/Dodge" index="0" instance=ExtResource("6_8bd58")]

[node name="Block" parent="Skills" index="4"]
enabled = true

[node name="Taunt" parent="Skills/Block" index="0" instance=ExtResource("6_mgqs7")]

[node name="Skin" type="Node" parent="Processors" index="5" node_paths=PackedStringArray("skin", "move_speed", "attack_speed")]
script = ExtResource("6_5y8y2")
skin = NodePath("../../Skin")
move_speed = NodePath("../../Stats/MovementSpeed")
attack_speed = NodePath("../../Stats/AttackSpeed")
interpolation = 10.0

[node name="HUD" parent="." index="7" node_paths=PackedStringArray("energy")]
transform = Transform3D(1, 0, 0, 0, 1, 0, 0, 0, 1, 0, 2.81294, 0)
energy = NodePath("../Stats/Energy")

[node name="LocalSpawner" parent="." index="8"]
_spawnable_scenes = PackedStringArray("res://characters/heroes/barbarian/axe.tscn")

[node name="Skin" parent="." index="11" instance=ExtResource("2_lwxa8")]

[node name="Skeleton3D" parent="Skin/Rig" index="0"]
bones/1/position = Vector3(0, 0.374104, 0)
bones/1/rotation = Quaternion(-1.11123e-10, 0.0431578, 2.57241e-09, 0.999068)
bones/4/position = Vector3(0.248044, 0.110857, 0.0825816)
bones/4/rotation = Quaternion(-0.590298, -0.244407, -0.714605, 0.284874)
bones/5/rotation = Quaternion(6.3025e-08, -5.13336e-08, -0.608676, 0.793419)
bones/7/rotation = Quaternion(-0.150044, -0.700177, -0.0528076, 0.696025)
bones/8/rotation = Quaternion(1.60975e-09, 1.60975e-09, -0.707107, 0.707107)
bones/11/position = Vector3(-0.176682, 0.111703, 0.0891542)
bones/11/rotation = Quaternion(-0.259869, 0.387569, 0.824236, 0.320771)
bones/12/rotation = Quaternion(3.32561e-08, 7.79846e-08, 0.535553, 0.844502)
bones/14/rotation = Quaternion(-0.270685, 0.191598, -0.0653276, 0.941144)
bones/15/rotation = Quaternion(0.155711, -0.189455, 0.670289, 0.700409)
bones/19/rotation = Quaternion(-5.80608e-11, -0.0313417, -1.88012e-09, 0.999509)
bones/22/rotation = Quaternion(0.990656, 0.0833819, 0.0779359, 0.0746553)
bones/23/rotation = Quaternion(0.36224, 6.36706e-08, -2.5426e-07, 0.932085)
bones/24/rotation = Quaternion(-0.60431, -0.202746, 0.0708048, 0.767262)
bones/25/rotation = Quaternion(-3.04791e-08, 0.920355, -0.391084, 6.94849e-08)
bones/26/rotation = Quaternion(0.992747, -0.032595, 0.0301193, 0.111733)
bones/27/rotation = Quaternion(0.409927, -6.01046e-08, 2.85167e-07, 0.912118)
bones/28/rotation = Quaternion(-0.63169, 0.113004, -0.0205744, 0.766665)
bones/29/rotation = Quaternion(3.04791e-08, 0.920355, -0.391084, -6.94849e-08)
bones/30/rotation = Quaternion(0.707107, -2.29302e-07, -4.60552e-08, 0.707107)
bones/31/position = Vector3(0.202182, 0.0259903, 0.205181)
bones/31/rotation = Quaternion(-0.707107, -7.05285e-08, -7.05285e-08, 0.707107)
bones/32/rotation = Quaternion(9.65792e-09, 1.77955e-09, 0.985719, -0.168398)
bones/33/rotation = Quaternion(-1.04035e-07, 0.391084, 0.920355, -2.9526e-08)
bones/35/rotation = Quaternion(1, -3.10863e-15, 1.94707e-07, -6.91739e-22)
bones/37/rotation = Quaternion(0.707107, -3.82385e-08, 1.45009e-07, 0.707107)
bones/38/rotation = Quaternion(-0.707107, -7.05285e-08, -7.05285e-08, 0.707107)
bones/39/rotation = Quaternion(-5.83589e-09, 6.43837e-10, 0.994809, 0.101756)
bones/40/rotation = Quaternion(-1.04035e-07, 0.391084, 0.920355, -2.95261e-08)
bones/45/position = Vector3(0.520841, 0.778806, -0.0576374)
bones/45/rotation = Quaternion(0.794627, -1.32247e-07, 0.607098, -5.02923e-08)
bones/47/position = Vector3(-0.510844, 0.778806, 0.0597369)
bones/47/rotation = Quaternion(-0.758253, -1.89432e-07, 0.651961, -1.86264e-08)

[node name="1H_Axe_Offhand" parent="Skin/Rig/Skeleton3D" index="0"]
transform = Transform3D(0.134583, 0.723595, 0.676976, 0.227794, 0.642302, -0.731818, -0.964363, 0.252701, -0.0783876, 0.439229, 0.816833, 0.469466)

[node name="Barbarian_Round_Shield" parent="Skin/Rig/Skeleton3D" index="1"]
transform = Transform3D(0.134584, 0.723595, 0.676976, 0.227796, 0.642302, -0.731817, -0.964362, 0.252704, -0.0783884, 0.532967, 0.692286, 0.453128)

[node name="1H_Axe" parent="Skin/Rig/Skeleton3D" index="2"]
transform = Transform3D(-0.0894767, 0.919122, 0.383675, 0.658382, 0.343635, -0.669662, -0.747345, 0.192686, -0.635882, -0.14082, 0.674919, 0.485941)

[node name="2H_Axe" parent="Skin/Rig/Skeleton3D" index="3"]
transform = Transform3D(-0.0894767, 0.919122, 0.383675, 0.658382, 0.343635, -0.669662, -0.747345, 0.192686, -0.635882, -0.14082, 0.674919, 0.485941)

[node name="Mug" parent="Skin/Rig/Skeleton3D" index="4"]
transform = Transform3D(-0.0894767, 0.919122, 0.383675, 0.658382, 0.343635, -0.669662, -0.747345, 0.192686, -0.635882, -0.158913, 0.460212, 0.701136)

[node name="Barbarian_Hat" parent="Skin/Rig/Skeleton3D" index="5"]
transform = Transform3D(0.99972, -1.40143e-09, 0.0236466, 1.39341e-09, 1, 3.55686e-10, -0.0236466, -3.22637e-10, 0.99972, -7.55726e-09, 1.18431, -1.39052e-07)

[node name="Barbarian_Cape" parent="Skin/Rig/Skeleton3D" index="6"]
transform = Transform3D(0.996275, -5.14962e-09, 0.0862353, 5.13043e-09, 1, 4.44077e-10, -0.0862353, 1.8939e-15, 0.996275, -1.91641e-06, 1.18431, 2.59003e-08)

[editable path="Skin"]
